ACCE-012;1787901;STAND ASSY,B,CF86[1760015];;Epson_image\Epson SureColor T5470_1584108492504.png
ACCE-012;1765301;PIPE,BASKET,SIDE ASSY,IEI;;Epson_image\Epson SureColor T5470_1584108492504.png
ACCE-012;1735157;PIPE,BASKET,36;;Epson_image\Epson SureColor T5470_1584108492504.png
ACCE-012;1735158;BASKET,36;;Epson_image\Epson SureColor T5470_1584108492504.png
ACCE-012;1760027;CASTER,P60HG,ASP;;Epson_image\Epson SureColor T5470_1584108492504.png
ACCE-012;1760028;CASTER,P60HGA,ASP;;Epson_image\Epson SureColor T5470_1584108492504.png
ACCE-012;1765296;STAND ASSEMBLY SCREW 36,IEI;;Epson_image\Epson SureColor T5470_1584108492504.png
CASE-011;1739014;COVER,SIDE,LEFT;;Epson_image\Epson SureColor T5470_1584108496582.png
CASE-011;1760038;COVER,FRONT,RIGHT,ASSY,ASP;;Epson_image\Epson SureColor T5470_1584108496582.png
CASE-011;1737866;COVER,FRONT,LEFT;;Epson_image\Epson SureColor T5470_1584108496582.png
CASE-011;1737851;COVER,TOP,LEFT;;Epson_image\Epson SureColor T5470_1584108496582.png
CASE-011;1737852;COVER,TOP,RIGHT;;Epson_image\Epson SureColor T5470_1584108496582.png
CASE-011;1739146;COVER,TOP,MIDDLE,36;;Epson_image\Epson SureColor T5470_1584108496582.png
CASE-011;1737854;DECORATION PLATE,UPPER,LEFT;;Epson_image\Epson SureColor T5470_1584108496582.png
CASE-011;1739163;HOLDER,MAINTENANCE,RIGHT;;Epson_image\Epson SureColor T5470_1584108496582.png
CASE-011;1739164;HOLDER,MAINTENANCE,LEFT;;Epson_image\Epson SureColor T5470_1584108496582.png
CASE-011;1747772;COVER,FRONT,ASSY,CF86,IEI;;Epson_image\Epson SureColor T5470_1584108496582.png
CASE-011;1759667;COVER FRONT MIDDLE UPPER,ASSY,CF86,ASP;;Epson_image\Epson SureColor T5470_1584108496582.png
CASE-011;1747774;COVER MAINTENANCE,ASSY,CF86,IEI;;Epson_image\Epson SureColor T5470_1584108496582.png
CASE-011;1760012;COVER,SIDE,RIGHT,ASSY,CF86,WW,ASP;;Epson_image\Epson SureColor T5470_1584108496582.png
CASE-011;1736802;CAP,CR;;Epson_image\Epson SureColor T5470_1584108496582.png
CASE-011;1736804;COVER,IH,BEARING;;Epson_image\Epson SureColor T5470_1584108496582.png
CASE-011;1760039;COVER,IH,ASSY,ASP;;Epson_image\Epson SureColor T5470_1584108496582.png
CASE-011;1815591;COVER TOP ASSY,CF86,ASP;;Epson_image\Epson SureColor T5470_1584108496582.png
CASE-011;1760022;Ersetzt durch: 1815591;;Epson_image\Epson SureColor T5470_1584108496582.png
CASE-011;1760023;HOLDER MAINTENANCE MIDDLE ASSY,CF86,ASP;;Epson_image\Epson SureColor T5470_1584108496582.png
CASE-011;1739023;HINGE,COVER,ROLL;;Epson_image\Epson SureColor T5470_1584108496582.png
CASE-011;1760024;COVER,ROLL,FRONT,36,ASSY,IEI,ASP;;Epson_image\Epson SureColor T5470_1584108496582.png
CASE-011;1760025;COVER,ROLL,36,ASP;;Epson_image\Epson SureColor T5470_1584108496582.png
CASE-011;1739070;COVER,IF;;Epson_image\Epson SureColor T5470_1584108496582.png
CASE-011;1760040;COVER,REAR,ASSY,ASP;;Epson_image\Epson SureColor T5470_1584108496582.png
CASE-011;1760029;COVER,SIDE,LEFT,BASE,ASP;;Epson_image\Epson SureColor T5470_1584108496582.png
CASE-011;1786099;COVER,SIDE,LEFT,UPPER,B;;Epson_image\Epson SureColor T5470_1584108496582.png
CASE-011;1737855;DECORATION PLATE,RIGHT;;Epson_image\Epson SureColor T5470_1584108496582.png
CASE-021;1739014;COVER,SIDE,LEFT;;Epson_image\Epson SureColor T5470_1584108499323.png
CASE-021;1760038;COVER,FRONT,RIGHT,ASSY,ASP;;Epson_image\Epson SureColor T5470_1584108499323.png
CASE-021;1737866;COVER,FRONT,LEFT;;Epson_image\Epson SureColor T5470_1584108499323.png
CASE-021;1737851;COVER,TOP,LEFT;;Epson_image\Epson SureColor T5470_1584108499323.png
CASE-021;1737852;COVER,TOP,RIGHT;;Epson_image\Epson SureColor T5470_1584108499323.png
CASE-021;1739146;COVER,TOP,MIDDLE,36;;Epson_image\Epson SureColor T5470_1584108499323.png
CASE-021;1737854;DECORATION PLATE,UPPER,LEFT;;Epson_image\Epson SureColor T5470_1584108499323.png
CASE-021;1739163;HOLDER,MAINTENANCE,RIGHT;;Epson_image\Epson SureColor T5470_1584108499323.png
CASE-021;1739164;HOLDER,MAINTENANCE,LEFT;;Epson_image\Epson SureColor T5470_1584108499323.png
CASE-021;1747772;COVER,FRONT,ASSY,CF86,IEI;;Epson_image\Epson SureColor T5470_1584108499323.png
CASE-021;1759667;COVER FRONT MIDDLE UPPER,ASSY,CF86,ASP;;Epson_image\Epson SureColor T5470_1584108499323.png
CASE-021;1747774;COVER MAINTENANCE,ASSY,CF86,IEI;;Epson_image\Epson SureColor T5470_1584108499323.png
CASE-021;1760012;COVER,SIDE,RIGHT,ASSY,CF86,WW,ASP;;Epson_image\Epson SureColor T5470_1584108499323.png
CASE-021;1736802;CAP,CR;;Epson_image\Epson SureColor T5470_1584108499323.png
CASE-021;1736804;COVER,IH,BEARING;;Epson_image\Epson SureColor T5470_1584108499323.png
CASE-021;1760039;COVER,IH,ASSY,ASP;;Epson_image\Epson SureColor T5470_1584108499323.png
CASE-021;1815591;COVER TOP ASSY,CF86,ASP;;Epson_image\Epson SureColor T5470_1584108499323.png
CASE-021;1760022;Ersetzt durch: 1815591;;Epson_image\Epson SureColor T5470_1584108499323.png
CASE-021;1760023;HOLDER MAINTENANCE MIDDLE ASSY,CF86,ASP;;Epson_image\Epson SureColor T5470_1584108499323.png
CASE-021;1739023;HINGE,COVER,ROLL;;Epson_image\Epson SureColor T5470_1584108499323.png
CASE-021;1760024;COVER,ROLL,FRONT,36,ASSY,IEI,ASP;;Epson_image\Epson SureColor T5470_1584108499323.png
CASE-021;1760025;COVER,ROLL,36,ASP;;Epson_image\Epson SureColor T5470_1584108499323.png
CASE-021;1739070;COVER,IF;;Epson_image\Epson SureColor T5470_1584108499323.png
CASE-021;1760040;COVER,REAR,ASSY,ASP;;Epson_image\Epson SureColor T5470_1584108499323.png
CASE-021;1760029;COVER,SIDE,LEFT,BASE,ASP;;Epson_image\Epson SureColor T5470_1584108499323.png
CASE-021;1786099;COVER,SIDE,LEFT,UPPER,B;;Epson_image\Epson SureColor T5470_1584108499323.png
CASE-021;1737855;DECORATION PLATE,RIGHT;;Epson_image\Epson SureColor T5470_1584108499323.png
ELEC-011;2185458;BOARD ASSY.,MAIN;;Epson_image\Epson SureColor T5470_1584108505026.png
ELEC-011;2185994;BOARD ASSY.,SUB;;Epson_image\Epson SureColor T5470_1584108505026.png
ELEC-011;2192160;WIRELESS LAN USB MODULE;;Epson_image\Epson SureColor T5470_1584108505026.png
ELEC-011;2185567;HARNESS,WiFi;;Epson_image\Epson SureColor T5470_1584108505026.png
ELEC-011;2185581;HARNESS,RELAY,SUB-B;;Epson_image\Epson SureColor T5470_1584108505026.png
ELEC-011;2185582;HARNESS,SUB-B,FFC_40;;Epson_image\Epson SureColor T5470_1584108505026.png
ELEC-011;2202150;BOARD ASSY.,POWER SUPPLY;;Epson_image\Epson SureColor T5470_1584108505026.png
ELEC-011;2185563;HARNESS,P/S,INLET;;Epson_image\Epson SureColor T5470_1584108505026.png
ELEC-011;2185566;HARNESS,P/S,DC_OUT_2;;Epson_image\Epson SureColor T5470_1584108505026.png
ELEC-011;2185564;HARNESS,AC,RELAY;;Epson_image\Epson SureColor T5470_1584108505026.png
ELEC-011;2185565;HARNESS,P/S,DC_OUT_1;;Epson_image\Epson SureColor T5470_1584108505026.png
MECH-011;2185575;HARNESS,CRCM;;Epson_image\Epson SureColor T5470_1584108509457.png
MECH-011;1759656;SCALE,CR36,ASP;;Epson_image\Epson SureColor T5470_1584108509457.png
MECH-011;1735293;HOLDER,TUBE;;Epson_image\Epson SureColor T5470_1584108509457.png
MECH-011;1487528;EXTENSION SPRING,3.0,B;;Epson_image\Epson SureColor T5470_1584108509457.png
MECH-011;2189129;MOTOR ASSY.,CR;;Epson_image\Epson SureColor T5470_1584108509457.png
MECH-011;1760037;LEVER,APG,ASSY,ASP;;Epson_image\Epson SureColor T5470_1584108509457.png
MECH-011;2186293;CABLE,ENCODER,PF,36;;Epson_image\Epson SureColor T5470_1584108509457.png
MECH-011;1480133;PULLEY,DRIVEN;;Epson_image\Epson SureColor T5470_1584108509457.png
MECH-011;1760017;SCALE,PF,KIT,ASP;;Epson_image\Epson SureColor T5470_1584108509457.png
MECH-011;1524703;TIMING BELT,PF;;Epson_image\Epson SureColor T5470_1584108509457.png
MECH-011;1560752;TIMING BELT,CR,36;;Epson_image\Epson SureColor T5470_1584108509457.png
MECH-011;1735151;PAPER GUIDE,REAR,SUB;;Epson_image\Epson SureColor T5470_1584108509457.png
MECH-011;2186931;HARNESS,COVER,TOP;;Epson_image\Epson SureColor T5470_1584108509457.png
MECH-011;2186933;HARNESS,COVER,PRINTER,36;;Epson_image\Epson SureColor T5470_1584108509457.png
MECH-011;2186934;HARNESS,COVER,INK;;Epson_image\Epson SureColor T5470_1584108509457.png
MECH-011;2186935;HARNESS,COVER,MAINTENANCE;;Epson_image\Epson SureColor T5470_1584108509457.png
MECH-011;1739188;COVER,ROLL,REAR;;Epson_image\Epson SureColor T5470_1584108509457.png
MECH-011;1759652;IH ASSY.,CF86,EPW,ASP;;Epson_image\Epson SureColor T5470_1584108509457.png
MECH-011;1759657;SEAL RUBBER,JOINT,DUCT,ASP;;Epson_image\Epson SureColor T5470_1584108509457.png
MECH-011;1760161;INK SYSTEM, IEI, ASSY, CF86,ASP;;Epson_image\Epson SureColor T5470_1584108509457.png
MECH-011;2186496;CABLE,ENCODER,IS,CF86;;Epson_image\Epson SureColor T5470_1584108509457.png
MECH-011;1725717;COVER,ENCODER;;Epson_image\Epson SureColor T5470_1584108509457.png
MECH-011;2186510;HARNESS,INK EJECT,CF85;;Epson_image\Epson SureColor T5470_1584108509457.png
MECH-011;1220013;LEAF SPRING,LOCK;;Epson_image\Epson SureColor T5470_1584108509457.png
MECH-011;1759658;BOARD UNIT,CF86,ASP;;Epson_image\Epson SureColor T5470_1584108509457.png
MECH-011;2186497;HARNESS,MOTOR,IS,L,CF86;;Epson_image\Epson SureColor T5470_1584108509457.png
MECH-011;2184028;COOLING,FAN;;Epson_image\Epson SureColor T5470_1584108509457.png
MECH-011;1735923;CENTER SUPPORT,ROLLER,PF;;Epson_image\Epson SureColor T5470_1584108509457.png
MECH-011;2186292;MOTOR ASSY,PF;;Epson_image\Epson SureColor T5470_1584108509457.png
MECH-011;2133325;BOARD ASSY.,ENCODER,PF;;Epson_image\Epson SureColor T5470_1584108509457.png
MECH-011;1736646;PAPER GUIDE,FRONT;;Epson_image\Epson SureColor T5470_1584108509457.png
MECH-011;1736647;PAPER GUIDE,FRONT,B;;Epson_image\Epson SureColor T5470_1584108509457.png
MECH-011;1736648;PAPER GUIDE,FRONT,C;;Epson_image\Epson SureColor T5470_1584108509457.png
MECH-011;1736649;PAPER GUIDE,FRONT,D;;Epson_image\Epson SureColor T5470_1584108509457.png
MECH-011;1794053;CR ASSY,B,CF86,IEI,ASP;;Epson_image\Epson SureColor T5470_1584108509457.png
MECH-011;2186289;CABLE,PW;;Epson_image\Epson SureColor T5470_1584108509457.png
MECH-011;2109393;BOARD ASSY.,DETECTOR,PW,B;;Epson_image\Epson SureColor T5470_1584108509457.png
MECH-011;2186290;CABLE,IMS;;Epson_image\Epson SureColor T5470_1584108509457.png
MECH-011;2183502;BOARD ASSY.,INK MARK,D;;Epson_image\Epson SureColor T5470_1584108509457.png
MECH-011;1759660;SPINDLE HOLDER LEFT ASSY,CF86,IEI,ASP;;Epson_image\Epson SureColor T5470_1584108509457.png
MECH-011;1760020;GUIDE PLATE TUBE ASSY,CF86,ASP;;Epson_image\Epson SureColor T5470_1584108509457.png
MECH-011;1747692;SENSOR HOLDER PAPER ASSY IEI;;Epson_image\Epson SureColor T5470_1584108509457.png
MECH-011;1760021;ROLLER ASSY.,DRIVEN,ASP;;Epson_image\Epson SureColor T5470_1584108509457.png
MECH-011;1747750;COVER,CR ASSY;;Epson_image\Epson SureColor T5470_1584108509457.png
MECH-011;1735147;SPUR GEAR,51;;Epson_image\Epson SureColor T5470_1584108509457.png
MECH-011;1759661;PANEL,ASSY,CF86,IEI,ASP;;Epson_image\Epson SureColor T5470_1584108509457.png
MECH-011;2186932;SENSOR,ASSY,COVER;;Epson_image\Epson SureColor T5470_1584108509457.png
MECH-011;2133208;MICRO DOOR SWITCH,D3DC-3;;Epson_image\Epson SureColor T5470_1584108509457.png
MECH-011;1737870;HOLDER,SENSOR,INNER;;Epson_image\Epson SureColor T5470_1584108509457.png
MECH-011;1787899;HARNESS FFC ASSY,B,CF86,IEI,ASP;;Epson_image\Epson SureColor T5470_1584108509457.png
MECH-011;1760019;SHEET,GUIDE,TUBE,36,KIT,ASP;;Epson_image\Epson SureColor T5470_1584108509457.png
MECH-011;FA41011;PRINT HEAD,I03569-1,ASP;;Epson_image\Epson SureColor T5470_1584108509457.png
MECH-011;2186088;FAN ASSY.,EJ;;Epson_image\Epson SureColor T5470_1584108509457.png
MECH-011;2200974;HARNESS,FAN,EJ,B;;Epson_image\Epson SureColor T5470_1584108509457.png
MECH-011;1759655;SPINDLE HOLDER RIGHT ASSY,CF86,IEI,ASP;;Epson_image\Epson SureColor T5470_1584108509457.png
MECH-011;2186928;HARNESS,REWIND;;Epson_image\Epson SureColor T5470_1584108509457.png
MECH-011;2185569;HARNESS,PANEL;;Epson_image\Epson SureColor T5470_1584108509457.png
MECH-011;1739012;EXTENSION SPRING,0.63;;Epson_image\Epson SureColor T5470_1584108509457.png
MECH-011;2186929;HARNESS,ROLL,COVER;;Epson_image\Epson SureColor T5470_1584108509457.png
MECH-011;2090717;LEAF SENSOR;;Epson_image\Epson SureColor T5470_1584108509457.png
MECH-011;2186930;HARNESS,MANUAL INSERTION,COVER;;Epson_image\Epson SureColor T5470_1584108509457.png
MECH-011;1743928;COVER,LED;;Epson_image\Epson SureColor T5470_1584108509457.png
MECH-011;2188194;HARNESS,RELAY,PNL-B;;Epson_image\Epson SureColor T5470_1584108509457.png
MECH-011;2185996;BOARD ASSY.,PANEL;;Epson_image\Epson SureColor T5470_1584108509457.png
MECH-011;2150781;HARNESS;;Epson_image\Epson SureColor T5470_1584108509457.png
MECH-011;1739016;EXTENSION SPRING,19.08;;Epson_image\Epson SureColor T5470_1584108509457.png
MECH-011;1760026;FRAME DRIVE ROLL,ASSY,ASP;;Epson_image\Epson SureColor T5470_1584108509457.png
MECH-011;2186575;MOTOR ASSY,ATC;;Epson_image\Epson SureColor T5470_1584108509457.png
MECH-011;1747762;DUMPER,ASSY,CF86,IEI;;Epson_image\Epson SureColor T5470_1584108509457.png
MECH-011;1751368;POROUS PAD,CR;;Epson_image\Epson SureColor T5470_1584108509457.png
MECH-011;1759663;COVER,INK,SHIELD,CF86,ASP;;Epson_image\Epson SureColor T5470_1584108509457.png
MECH-011;1747751;FLAG APG,IEI,,ASSY;;Epson_image\Epson SureColor T5470_1584108509457.png
MECH-011;2186297;HARNESS,RELAY,MOTOR,PF,36;;Epson_image\Epson SureColor T5470_1584108509457.png
MECH-011;1725657;C-RING,STW-16;;Epson_image\Epson SureColor T5470_1584108509457.png
MECH-011;1760018;OIL PAD,ASSY,ASP;;Epson_image\Epson SureColor T5470_1584108509457.png
MECH-011;2186291;CABLE,ENCODER,CR;;Epson_image\Epson SureColor T5470_1584108509457.png
MECH-011;2185992;BOARD ASSY.,SUB;;Epson_image\Epson SureColor T5470_1584108509457.png
MECH-011;1759659;CUTTER ASSY CF86,IEI,ASP;;Epson_image\Epson SureColor T5470_1584108509457.png
MECH-011;1577038;COVER,MOTOR,CUTTER;;Epson_image\Epson SureColor T5470_1584108509457.png
MECH-011;2186299;HARNESS,SENSOR,CUTTER;;Epson_image\Epson SureColor T5470_1584108509457.png
MECH-011;2179514;BOARD ASSY.,ENCODER;;Epson_image\Epson SureColor T5470_1584108509457.png
MECH-021;2185575;HARNESS,CRCM;;Epson_image\Epson SureColor T5470_1584108514989.png
MECH-021;1759656;SCALE,CR36,ASP;;Epson_image\Epson SureColor T5470_1584108514989.png
MECH-021;1735293;HOLDER,TUBE;;Epson_image\Epson SureColor T5470_1584108514989.png
MECH-021;1487528;EXTENSION SPRING,3.0,B;;Epson_image\Epson SureColor T5470_1584108514989.png
MECH-021;2189129;MOTOR ASSY.,CR;;Epson_image\Epson SureColor T5470_1584108514989.png
MECH-021;1760037;LEVER,APG,ASSY,ASP;;Epson_image\Epson SureColor T5470_1584108514989.png
MECH-021;2186293;CABLE,ENCODER,PF,36;;Epson_image\Epson SureColor T5470_1584108514989.png
MECH-021;1480133;PULLEY,DRIVEN;;Epson_image\Epson SureColor T5470_1584108514989.png
MECH-021;1760017;SCALE,PF,KIT,ASP;;Epson_image\Epson SureColor T5470_1584108514989.png
MECH-021;1524703;TIMING BELT,PF;;Epson_image\Epson SureColor T5470_1584108514989.png
MECH-021;1560752;TIMING BELT,CR,36;;Epson_image\Epson SureColor T5470_1584108514989.png
MECH-021;1735151;PAPER GUIDE,REAR,SUB;;Epson_image\Epson SureColor T5470_1584108514989.png
MECH-021;2186931;HARNESS,COVER,TOP;;Epson_image\Epson SureColor T5470_1584108514989.png
MECH-021;2186933;HARNESS,COVER,PRINTER,36;;Epson_image\Epson SureColor T5470_1584108514989.png
MECH-021;2186934;HARNESS,COVER,INK;;Epson_image\Epson SureColor T5470_1584108514989.png
MECH-021;2186935;HARNESS,COVER,MAINTENANCE;;Epson_image\Epson SureColor T5470_1584108514989.png
MECH-021;1739188;COVER,ROLL,REAR;;Epson_image\Epson SureColor T5470_1584108514989.png
MECH-021;1759652;IH ASSY.,CF86,EPW,ASP;;Epson_image\Epson SureColor T5470_1584108514989.png
MECH-021;1759657;SEAL RUBBER,JOINT,DUCT,ASP;;Epson_image\Epson SureColor T5470_1584108514989.png
MECH-021;1760161;INK SYSTEM, IEI, ASSY, CF86,ASP;;Epson_image\Epson SureColor T5470_1584108514989.png
MECH-021;2186496;CABLE,ENCODER,IS,CF86;;Epson_image\Epson SureColor T5470_1584108514989.png
MECH-021;1725717;COVER,ENCODER;;Epson_image\Epson SureColor T5470_1584108514989.png
MECH-021;2186510;HARNESS,INK EJECT,CF85;;Epson_image\Epson SureColor T5470_1584108514989.png
MECH-021;1220013;LEAF SPRING,LOCK;;Epson_image\Epson SureColor T5470_1584108514989.png
MECH-021;1759658;BOARD UNIT,CF86,ASP;;Epson_image\Epson SureColor T5470_1584108514989.png
MECH-021;2186497;HARNESS,MOTOR,IS,L,CF86;;Epson_image\Epson SureColor T5470_1584108514989.png
MECH-021;2184028;COOLING,FAN;;Epson_image\Epson SureColor T5470_1584108514989.png
MECH-021;1735923;CENTER SUPPORT,ROLLER,PF;;Epson_image\Epson SureColor T5470_1584108514989.png
MECH-021;2186292;MOTOR ASSY,PF;;Epson_image\Epson SureColor T5470_1584108514989.png
MECH-021;2133325;BOARD ASSY.,ENCODER,PF;;Epson_image\Epson SureColor T5470_1584108514989.png
MECH-021;1736646;PAPER GUIDE,FRONT;;Epson_image\Epson SureColor T5470_1584108514989.png
MECH-021;1736647;PAPER GUIDE,FRONT,B;;Epson_image\Epson SureColor T5470_1584108514989.png
MECH-021;1736648;PAPER GUIDE,FRONT,C;;Epson_image\Epson SureColor T5470_1584108514989.png
MECH-021;1736649;PAPER GUIDE,FRONT,D;;Epson_image\Epson SureColor T5470_1584108514989.png
MECH-021;1794053;CR ASSY,B,CF86,IEI,ASP;;Epson_image\Epson SureColor T5470_1584108514989.png
MECH-021;2186289;CABLE,PW;;Epson_image\Epson SureColor T5470_1584108514989.png
MECH-021;2109393;BOARD ASSY.,DETECTOR,PW,B;;Epson_image\Epson SureColor T5470_1584108514989.png
MECH-021;2186290;CABLE,IMS;;Epson_image\Epson SureColor T5470_1584108514989.png
MECH-021;2183502;BOARD ASSY.,INK MARK,D;;Epson_image\Epson SureColor T5470_1584108514989.png
MECH-021;1759660;SPINDLE HOLDER LEFT ASSY,CF86,IEI,ASP;;Epson_image\Epson SureColor T5470_1584108514989.png
MECH-021;1760020;GUIDE PLATE TUBE ASSY,CF86,ASP;;Epson_image\Epson SureColor T5470_1584108514989.png
MECH-021;1747692;SENSOR HOLDER PAPER ASSY IEI;;Epson_image\Epson SureColor T5470_1584108514989.png
MECH-021;1760021;ROLLER ASSY.,DRIVEN,ASP;;Epson_image\Epson SureColor T5470_1584108514989.png
MECH-021;1747750;COVER,CR ASSY;;Epson_image\Epson SureColor T5470_1584108514989.png
MECH-021;1735147;SPUR GEAR,51;;Epson_image\Epson SureColor T5470_1584108514989.png
MECH-021;1759661;PANEL,ASSY,CF86,IEI,ASP;;Epson_image\Epson SureColor T5470_1584108514989.png
MECH-021;2186932;SENSOR,ASSY,COVER;;Epson_image\Epson SureColor T5470_1584108514989.png
MECH-021;2133208;MICRO DOOR SWITCH,D3DC-3;;Epson_image\Epson SureColor T5470_1584108514989.png
MECH-021;1737870;HOLDER,SENSOR,INNER;;Epson_image\Epson SureColor T5470_1584108514989.png
MECH-021;1787899;HARNESS FFC ASSY,B,CF86,IEI,ASP;;Epson_image\Epson SureColor T5470_1584108514989.png
MECH-021;1760019;SHEET,GUIDE,TUBE,36,KIT,ASP;;Epson_image\Epson SureColor T5470_1584108514989.png
MECH-021;FA41011;PRINT HEAD,I03569-1,ASP;;Epson_image\Epson SureColor T5470_1584108514989.png
MECH-021;2186088;FAN ASSY.,EJ;;Epson_image\Epson SureColor T5470_1584108514989.png
MECH-021;2200974;HARNESS,FAN,EJ,B;;Epson_image\Epson SureColor T5470_1584108514989.png
MECH-021;1759655;SPINDLE HOLDER RIGHT ASSY,CF86,IEI,ASP;;Epson_image\Epson SureColor T5470_1584108514989.png
MECH-021;2186928;HARNESS,REWIND;;Epson_image\Epson SureColor T5470_1584108514989.png
MECH-021;2185569;HARNESS,PANEL;;Epson_image\Epson SureColor T5470_1584108514989.png
MECH-021;1739012;EXTENSION SPRING,0.63;;Epson_image\Epson SureColor T5470_1584108514989.png
MECH-021;2186929;HARNESS,ROLL,COVER;;Epson_image\Epson SureColor T5470_1584108514989.png
MECH-021;2090717;LEAF SENSOR;;Epson_image\Epson SureColor T5470_1584108514989.png
MECH-021;2186930;HARNESS,MANUAL INSERTION,COVER;;Epson_image\Epson SureColor T5470_1584108514989.png
MECH-021;1743928;COVER,LED;;Epson_image\Epson SureColor T5470_1584108514989.png
MECH-021;2188194;HARNESS,RELAY,PNL-B;;Epson_image\Epson SureColor T5470_1584108514989.png
MECH-021;2185996;BOARD ASSY.,PANEL;;Epson_image\Epson SureColor T5470_1584108514989.png
MECH-021;2150781;HARNESS;;Epson_image\Epson SureColor T5470_1584108514989.png
MECH-021;1739016;EXTENSION SPRING,19.08;;Epson_image\Epson SureColor T5470_1584108514989.png
MECH-021;1760026;FRAME DRIVE ROLL,ASSY,ASP;;Epson_image\Epson SureColor T5470_1584108514989.png
MECH-021;2186575;MOTOR ASSY,ATC;;Epson_image\Epson SureColor T5470_1584108514989.png
MECH-021;1747762;DUMPER,ASSY,CF86,IEI;;Epson_image\Epson SureColor T5470_1584108514989.png
MECH-021;1751368;POROUS PAD,CR;;Epson_image\Epson SureColor T5470_1584108514989.png
MECH-021;1759663;COVER,INK,SHIELD,CF86,ASP;;Epson_image\Epson SureColor T5470_1584108514989.png
MECH-021;1747751;FLAG APG,IEI,,ASSY;;Epson_image\Epson SureColor T5470_1584108514989.png
MECH-021;2186297;HARNESS,RELAY,MOTOR,PF,36;;Epson_image\Epson SureColor T5470_1584108514989.png
MECH-021;1725657;C-RING,STW-16;;Epson_image\Epson SureColor T5470_1584108514989.png
MECH-021;1760018;OIL PAD,ASSY,ASP;;Epson_image\Epson SureColor T5470_1584108514989.png
MECH-021;2186291;CABLE,ENCODER,CR;;Epson_image\Epson SureColor T5470_1584108514989.png
MECH-021;2185992;BOARD ASSY.,SUB;;Epson_image\Epson SureColor T5470_1584108514989.png
MECH-021;1759659;CUTTER ASSY CF86,IEI,ASP;;Epson_image\Epson SureColor T5470_1584108514989.png
MECH-021;1577038;COVER,MOTOR,CUTTER;;Epson_image\Epson SureColor T5470_1584108514989.png
MECH-021;2186299;HARNESS,SENSOR,CUTTER;;Epson_image\Epson SureColor T5470_1584108514989.png
MECH-021;2179514;BOARD ASSY.,ENCODER;;Epson_image\Epson SureColor T5470_1584108514989.png
MECH-031;2185575;HARNESS,CRCM;;Epson_image\Epson SureColor T5470_1584108518737.png
MECH-031;1759656;SCALE,CR36,ASP;;Epson_image\Epson SureColor T5470_1584108518737.png
MECH-031;1735293;HOLDER,TUBE;;Epson_image\Epson SureColor T5470_1584108518737.png
MECH-031;1487528;EXTENSION SPRING,3.0,B;;Epson_image\Epson SureColor T5470_1584108518737.png
MECH-031;2189129;MOTOR ASSY.,CR;;Epson_image\Epson SureColor T5470_1584108518737.png
MECH-031;1760037;LEVER,APG,ASSY,ASP;;Epson_image\Epson SureColor T5470_1584108518737.png
MECH-031;2186293;CABLE,ENCODER,PF,36;;Epson_image\Epson SureColor T5470_1584108518737.png
MECH-031;1480133;PULLEY,DRIVEN;;Epson_image\Epson SureColor T5470_1584108518737.png
MECH-031;1760017;SCALE,PF,KIT,ASP;;Epson_image\Epson SureColor T5470_1584108518737.png
MECH-031;1524703;TIMING BELT,PF;;Epson_image\Epson SureColor T5470_1584108518737.png
MECH-031;1560752;TIMING BELT,CR,36;;Epson_image\Epson SureColor T5470_1584108518737.png
MECH-031;1735151;PAPER GUIDE,REAR,SUB;;Epson_image\Epson SureColor T5470_1584108518737.png
MECH-031;2186931;HARNESS,COVER,TOP;;Epson_image\Epson SureColor T5470_1584108518737.png
MECH-031;2186933;HARNESS,COVER,PRINTER,36;;Epson_image\Epson SureColor T5470_1584108518737.png
MECH-031;2186934;HARNESS,COVER,INK;;Epson_image\Epson SureColor T5470_1584108518737.png
MECH-031;2186935;HARNESS,COVER,MAINTENANCE;;Epson_image\Epson SureColor T5470_1584108518737.png
MECH-031;1739188;COVER,ROLL,REAR;;Epson_image\Epson SureColor T5470_1584108518737.png
MECH-031;1759652;IH ASSY.,CF86,EPW,ASP;;Epson_image\Epson SureColor T5470_1584108518737.png
MECH-031;1759657;SEAL RUBBER,JOINT,DUCT,ASP;;Epson_image\Epson SureColor T5470_1584108518737.png
MECH-031;1760161;INK SYSTEM, IEI, ASSY, CF86,ASP;;Epson_image\Epson SureColor T5470_1584108518737.png
MECH-031;2186496;CABLE,ENCODER,IS,CF86;;Epson_image\Epson SureColor T5470_1584108518737.png
MECH-031;1725717;COVER,ENCODER;;Epson_image\Epson SureColor T5470_1584108518737.png
MECH-031;2186510;HARNESS,INK EJECT,CF85;;Epson_image\Epson SureColor T5470_1584108518737.png
MECH-031;1220013;LEAF SPRING,LOCK;;Epson_image\Epson SureColor T5470_1584108518737.png
MECH-031;1759658;BOARD UNIT,CF86,ASP;;Epson_image\Epson SureColor T5470_1584108518737.png
MECH-031;2186497;HARNESS,MOTOR,IS,L,CF86;;Epson_image\Epson SureColor T5470_1584108518737.png
MECH-031;2184028;COOLING,FAN;;Epson_image\Epson SureColor T5470_1584108518737.png
MECH-031;1735923;CENTER SUPPORT,ROLLER,PF;;Epson_image\Epson SureColor T5470_1584108518737.png
MECH-031;2186292;MOTOR ASSY,PF;;Epson_image\Epson SureColor T5470_1584108518737.png
MECH-031;2133325;BOARD ASSY.,ENCODER,PF;;Epson_image\Epson SureColor T5470_1584108518737.png
MECH-031;1736646;PAPER GUIDE,FRONT;;Epson_image\Epson SureColor T5470_1584108518737.png
MECH-031;1736647;PAPER GUIDE,FRONT,B;;Epson_image\Epson SureColor T5470_1584108518737.png
MECH-031;1736648;PAPER GUIDE,FRONT,C;;Epson_image\Epson SureColor T5470_1584108518737.png
MECH-031;1736649;PAPER GUIDE,FRONT,D;;Epson_image\Epson SureColor T5470_1584108518737.png
MECH-031;1794053;CR ASSY,B,CF86,IEI,ASP;;Epson_image\Epson SureColor T5470_1584108518737.png
MECH-031;2186289;CABLE,PW;;Epson_image\Epson SureColor T5470_1584108518737.png
MECH-031;2109393;BOARD ASSY.,DETECTOR,PW,B;;Epson_image\Epson SureColor T5470_1584108518737.png
MECH-031;2186290;CABLE,IMS;;Epson_image\Epson SureColor T5470_1584108518737.png
MECH-031;2183502;BOARD ASSY.,INK MARK,D;;Epson_image\Epson SureColor T5470_1584108518737.png
MECH-031;1759660;SPINDLE HOLDER LEFT ASSY,CF86,IEI,ASP;;Epson_image\Epson SureColor T5470_1584108518737.png
MECH-031;1760020;GUIDE PLATE TUBE ASSY,CF86,ASP;;Epson_image\Epson SureColor T5470_1584108518737.png
MECH-031;1747692;SENSOR HOLDER PAPER ASSY IEI;;Epson_image\Epson SureColor T5470_1584108518737.png
MECH-031;1760021;ROLLER ASSY.,DRIVEN,ASP;;Epson_image\Epson SureColor T5470_1584108518737.png
MECH-031;1747750;COVER,CR ASSY;;Epson_image\Epson SureColor T5470_1584108518737.png
MECH-031;1735147;SPUR GEAR,51;;Epson_image\Epson SureColor T5470_1584108518737.png
MECH-031;1759661;PANEL,ASSY,CF86,IEI,ASP;;Epson_image\Epson SureColor T5470_1584108518737.png
MECH-031;2186932;SENSOR,ASSY,COVER;;Epson_image\Epson SureColor T5470_1584108518737.png
MECH-031;2133208;MICRO DOOR SWITCH,D3DC-3;;Epson_image\Epson SureColor T5470_1584108518737.png
MECH-031;1737870;HOLDER,SENSOR,INNER;;Epson_image\Epson SureColor T5470_1584108518737.png
MECH-031;1787899;HARNESS FFC ASSY,B,CF86,IEI,ASP;;Epson_image\Epson SureColor T5470_1584108518737.png
MECH-031;1760019;SHEET,GUIDE,TUBE,36,KIT,ASP;;Epson_image\Epson SureColor T5470_1584108518737.png
MECH-031;FA41011;PRINT HEAD,I03569-1,ASP;;Epson_image\Epson SureColor T5470_1584108518737.png
MECH-031;2186088;FAN ASSY.,EJ;;Epson_image\Epson SureColor T5470_1584108518737.png
MECH-031;2200974;HARNESS,FAN,EJ,B;;Epson_image\Epson SureColor T5470_1584108518737.png
MECH-031;1759655;SPINDLE HOLDER RIGHT ASSY,CF86,IEI,ASP;;Epson_image\Epson SureColor T5470_1584108518737.png
MECH-031;2186928;HARNESS,REWIND;;Epson_image\Epson SureColor T5470_1584108518737.png
MECH-031;2185569;HARNESS,PANEL;;Epson_image\Epson SureColor T5470_1584108518737.png
MECH-031;1739012;EXTENSION SPRING,0.63;;Epson_image\Epson SureColor T5470_1584108518737.png
MECH-031;2186929;HARNESS,ROLL,COVER;;Epson_image\Epson SureColor T5470_1584108518737.png
MECH-031;2090717;LEAF SENSOR;;Epson_image\Epson SureColor T5470_1584108518737.png
MECH-031;2186930;HARNESS,MANUAL INSERTION,COVER;;Epson_image\Epson SureColor T5470_1584108518737.png
MECH-031;1743928;COVER,LED;;Epson_image\Epson SureColor T5470_1584108518737.png
MECH-031;2188194;HARNESS,RELAY,PNL-B;;Epson_image\Epson SureColor T5470_1584108518737.png
MECH-031;2185996;BOARD ASSY.,PANEL;;Epson_image\Epson SureColor T5470_1584108518737.png
MECH-031;2150781;HARNESS;;Epson_image\Epson SureColor T5470_1584108518737.png
MECH-031;1739016;EXTENSION SPRING,19.08;;Epson_image\Epson SureColor T5470_1584108518737.png
MECH-031;1760026;FRAME DRIVE ROLL,ASSY,ASP;;Epson_image\Epson SureColor T5470_1584108518737.png
MECH-031;2186575;MOTOR ASSY,ATC;;Epson_image\Epson SureColor T5470_1584108518737.png
MECH-031;1747762;DUMPER,ASSY,CF86,IEI;;Epson_image\Epson SureColor T5470_1584108518737.png
MECH-031;1751368;POROUS PAD,CR;;Epson_image\Epson SureColor T5470_1584108518737.png
MECH-031;1759663;COVER,INK,SHIELD,CF86,ASP;;Epson_image\Epson SureColor T5470_1584108518737.png
MECH-031;1747751;FLAG APG,IEI,,ASSY;;Epson_image\Epson SureColor T5470_1584108518737.png
MECH-031;2186297;HARNESS,RELAY,MOTOR,PF,36;;Epson_image\Epson SureColor T5470_1584108518737.png
MECH-031;1725657;C-RING,STW-16;;Epson_image\Epson SureColor T5470_1584108518737.png
MECH-031;1760018;OIL PAD,ASSY,ASP;;Epson_image\Epson SureColor T5470_1584108518737.png
MECH-031;2186291;CABLE,ENCODER,CR;;Epson_image\Epson SureColor T5470_1584108518737.png
MECH-031;2185992;BOARD ASSY.,SUB;;Epson_image\Epson SureColor T5470_1584108518737.png
MECH-031;1759659;CUTTER ASSY CF86,IEI,ASP;;Epson_image\Epson SureColor T5470_1584108518737.png
MECH-031;1577038;COVER,MOTOR,CUTTER;;Epson_image\Epson SureColor T5470_1584108518737.png
MECH-031;2186299;HARNESS,SENSOR,CUTTER;;Epson_image\Epson SureColor T5470_1584108518737.png
MECH-031;2179514;BOARD ASSY.,ENCODER;;Epson_image\Epson SureColor T5470_1584108518737.png
MECH-041;2185575;HARNESS,CRCM;;Epson_image\Epson SureColor T5470_1584108521449.png
MECH-041;1759656;SCALE,CR36,ASP;;Epson_image\Epson SureColor T5470_1584108521449.png
MECH-041;1735293;HOLDER,TUBE;;Epson_image\Epson SureColor T5470_1584108521449.png
MECH-041;1487528;EXTENSION SPRING,3.0,B;;Epson_image\Epson SureColor T5470_1584108521449.png
MECH-041;2189129;MOTOR ASSY.,CR;;Epson_image\Epson SureColor T5470_1584108521449.png
MECH-041;1760037;LEVER,APG,ASSY,ASP;;Epson_image\Epson SureColor T5470_1584108521449.png
MECH-041;2186293;CABLE,ENCODER,PF,36;;Epson_image\Epson SureColor T5470_1584108521449.png
MECH-041;1480133;PULLEY,DRIVEN;;Epson_image\Epson SureColor T5470_1584108521449.png
MECH-041;1760017;SCALE,PF,KIT,ASP;;Epson_image\Epson SureColor T5470_1584108521449.png
MECH-041;1524703;TIMING BELT,PF;;Epson_image\Epson SureColor T5470_1584108521449.png
MECH-041;1560752;TIMING BELT,CR,36;;Epson_image\Epson SureColor T5470_1584108521449.png
MECH-041;1735151;PAPER GUIDE,REAR,SUB;;Epson_image\Epson SureColor T5470_1584108521449.png
MECH-041;2186931;HARNESS,COVER,TOP;;Epson_image\Epson SureColor T5470_1584108521449.png
MECH-041;2186933;HARNESS,COVER,PRINTER,36;;Epson_image\Epson SureColor T5470_1584108521449.png
MECH-041;2186934;HARNESS,COVER,INK;;Epson_image\Epson SureColor T5470_1584108521449.png
MECH-041;2186935;HARNESS,COVER,MAINTENANCE;;Epson_image\Epson SureColor T5470_1584108521449.png
MECH-041;1739188;COVER,ROLL,REAR;;Epson_image\Epson SureColor T5470_1584108521449.png
MECH-041;1759652;IH ASSY.,CF86,EPW,ASP;;Epson_image\Epson SureColor T5470_1584108521449.png
MECH-041;1759657;SEAL RUBBER,JOINT,DUCT,ASP;;Epson_image\Epson SureColor T5470_1584108521449.png
MECH-041;1760161;INK SYSTEM, IEI, ASSY, CF86,ASP;;Epson_image\Epson SureColor T5470_1584108521449.png
MECH-041;2186496;CABLE,ENCODER,IS,CF86;;Epson_image\Epson SureColor T5470_1584108521449.png
MECH-041;1725717;COVER,ENCODER;;Epson_image\Epson SureColor T5470_1584108521449.png
MECH-041;2186510;HARNESS,INK EJECT,CF85;;Epson_image\Epson SureColor T5470_1584108521449.png
MECH-041;1220013;LEAF SPRING,LOCK;;Epson_image\Epson SureColor T5470_1584108521449.png
MECH-041;1759658;BOARD UNIT,CF86,ASP;;Epson_image\Epson SureColor T5470_1584108521449.png
MECH-041;2186497;HARNESS,MOTOR,IS,L,CF86;;Epson_image\Epson SureColor T5470_1584108521449.png
MECH-041;2184028;COOLING,FAN;;Epson_image\Epson SureColor T5470_1584108521449.png
MECH-041;1735923;CENTER SUPPORT,ROLLER,PF;;Epson_image\Epson SureColor T5470_1584108521449.png
MECH-041;2186292;MOTOR ASSY,PF;;Epson_image\Epson SureColor T5470_1584108521449.png
MECH-041;2133325;BOARD ASSY.,ENCODER,PF;;Epson_image\Epson SureColor T5470_1584108521449.png
MECH-041;1736646;PAPER GUIDE,FRONT;;Epson_image\Epson SureColor T5470_1584108521449.png
MECH-041;1736647;PAPER GUIDE,FRONT,B;;Epson_image\Epson SureColor T5470_1584108521449.png
MECH-041;1736648;PAPER GUIDE,FRONT,C;;Epson_image\Epson SureColor T5470_1584108521449.png
MECH-041;1736649;PAPER GUIDE,FRONT,D;;Epson_image\Epson SureColor T5470_1584108521449.png
MECH-041;1794053;CR ASSY,B,CF86,IEI,ASP;;Epson_image\Epson SureColor T5470_1584108521449.png
MECH-041;2186289;CABLE,PW;;Epson_image\Epson SureColor T5470_1584108521449.png
MECH-041;2109393;BOARD ASSY.,DETECTOR,PW,B;;Epson_image\Epson SureColor T5470_1584108521449.png
MECH-041;2186290;CABLE,IMS;;Epson_image\Epson SureColor T5470_1584108521449.png
MECH-041;2183502;BOARD ASSY.,INK MARK,D;;Epson_image\Epson SureColor T5470_1584108521449.png
MECH-041;1759660;SPINDLE HOLDER LEFT ASSY,CF86,IEI,ASP;;Epson_image\Epson SureColor T5470_1584108521449.png
MECH-041;1760020;GUIDE PLATE TUBE ASSY,CF86,ASP;;Epson_image\Epson SureColor T5470_1584108521449.png
MECH-041;1747692;SENSOR HOLDER PAPER ASSY IEI;;Epson_image\Epson SureColor T5470_1584108521449.png
MECH-041;1760021;ROLLER ASSY.,DRIVEN,ASP;;Epson_image\Epson SureColor T5470_1584108521449.png
MECH-041;1747750;COVER,CR ASSY;;Epson_image\Epson SureColor T5470_1584108521449.png
MECH-041;1735147;SPUR GEAR,51;;Epson_image\Epson SureColor T5470_1584108521449.png
MECH-041;1759661;PANEL,ASSY,CF86,IEI,ASP;;Epson_image\Epson SureColor T5470_1584108521449.png
MECH-041;2186932;SENSOR,ASSY,COVER;;Epson_image\Epson SureColor T5470_1584108521449.png
MECH-041;2133208;MICRO DOOR SWITCH,D3DC-3;;Epson_image\Epson SureColor T5470_1584108521449.png
MECH-041;1737870;HOLDER,SENSOR,INNER;;Epson_image\Epson SureColor T5470_1584108521449.png
MECH-041;1787899;HARNESS FFC ASSY,B,CF86,IEI,ASP;;Epson_image\Epson SureColor T5470_1584108521449.png
MECH-041;1760019;SHEET,GUIDE,TUBE,36,KIT,ASP;;Epson_image\Epson SureColor T5470_1584108521449.png
MECH-041;FA41011;PRINT HEAD,I03569-1,ASP;;Epson_image\Epson SureColor T5470_1584108521449.png
MECH-041;2186088;FAN ASSY.,EJ;;Epson_image\Epson SureColor T5470_1584108521449.png
MECH-041;2200974;HARNESS,FAN,EJ,B;;Epson_image\Epson SureColor T5470_1584108521449.png
MECH-041;1759655;SPINDLE HOLDER RIGHT ASSY,CF86,IEI,ASP;;Epson_image\Epson SureColor T5470_1584108521449.png
MECH-041;2186928;HARNESS,REWIND;;Epson_image\Epson SureColor T5470_1584108521449.png
MECH-041;2185569;HARNESS,PANEL;;Epson_image\Epson SureColor T5470_1584108521449.png
MECH-041;1739012;EXTENSION SPRING,0.63;;Epson_image\Epson SureColor T5470_1584108521449.png
MECH-041;2186929;HARNESS,ROLL,COVER;;Epson_image\Epson SureColor T5470_1584108521449.png
MECH-041;2090717;LEAF SENSOR;;Epson_image\Epson SureColor T5470_1584108521449.png
MECH-041;2186930;HARNESS,MANUAL INSERTION,COVER;;Epson_image\Epson SureColor T5470_1584108521449.png
MECH-041;1743928;COVER,LED;;Epson_image\Epson SureColor T5470_1584108521449.png
MECH-041;2188194;HARNESS,RELAY,PNL-B;;Epson_image\Epson SureColor T5470_1584108521449.png
MECH-041;2185996;BOARD ASSY.,PANEL;;Epson_image\Epson SureColor T5470_1584108521449.png
MECH-041;2150781;HARNESS;;Epson_image\Epson SureColor T5470_1584108521449.png
MECH-041;1739016;EXTENSION SPRING,19.08;;Epson_image\Epson SureColor T5470_1584108521449.png
MECH-041;1760026;FRAME DRIVE ROLL,ASSY,ASP;;Epson_image\Epson SureColor T5470_1584108521449.png
MECH-041;2186575;MOTOR ASSY,ATC;;Epson_image\Epson SureColor T5470_1584108521449.png
MECH-041;1747762;DUMPER,ASSY,CF86,IEI;;Epson_image\Epson SureColor T5470_1584108521449.png
MECH-041;1751368;POROUS PAD,CR;;Epson_image\Epson SureColor T5470_1584108521449.png
MECH-041;1759663;COVER,INK,SHIELD,CF86,ASP;;Epson_image\Epson SureColor T5470_1584108521449.png
MECH-041;1747751;FLAG APG,IEI,,ASSY;;Epson_image\Epson SureColor T5470_1584108521449.png
MECH-041;2186297;HARNESS,RELAY,MOTOR,PF,36;;Epson_image\Epson SureColor T5470_1584108521449.png
MECH-041;1725657;C-RING,STW-16;;Epson_image\Epson SureColor T5470_1584108521449.png
MECH-041;1760018;OIL PAD,ASSY,ASP;;Epson_image\Epson SureColor T5470_1584108521449.png
MECH-041;2186291;CABLE,ENCODER,CR;;Epson_image\Epson SureColor T5470_1584108521449.png
MECH-041;2185992;BOARD ASSY.,SUB;;Epson_image\Epson SureColor T5470_1584108521449.png
MECH-041;1759659;CUTTER ASSY CF86,IEI,ASP;;Epson_image\Epson SureColor T5470_1584108521449.png
MECH-041;1577038;COVER,MOTOR,CUTTER;;Epson_image\Epson SureColor T5470_1584108521449.png
MECH-041;2186299;HARNESS,SENSOR,CUTTER;;Epson_image\Epson SureColor T5470_1584108521449.png
MECH-041;2179514;BOARD ASSY.,ENCODER;;Epson_image\Epson SureColor T5470_1584108521449.png
